-0.000333338 -0.0871707 0
-0.00153173 0.358194 1
0.00154959 -0.36405 0
-0.00134991 0.252063 1
0.00128385 -0.531146 0
-0.00136414 0.623197 1
0.000596974 0.0471854 1
-0.00162028 -0.214322 1
-0.0012752 0.409967 1
-0.000244046 1.04007 1
-0.00021654 -0.59097 0
0.000496728 0.212458 1
-0.00091148 1.01984 1
-0.000463668 1.117 1
0.000575942 -1.08807 0
-0.00154674 0.324991 1
-0.00153841 -0.205687 1
-0.00094811 0.853448 1
0.000843527 -0.819308 0
-0.00127073 0.495975 1
-0.000629323 0.103917 0
0.00138007 0.15381 0
0.000391887 -0.440445 1
-0.000166729 -0.837858 0
-0.00025588 -0.54042 0
0.000182143 -1.0625 0
-0.000381176 -0.192738 0
-0.000513526 -0.0324046 0
-0.000348217 0.460999 0
-0.000528198 -0.0109566 0
0.000357102 -1.05939 0
0.000374873 0.288667 1
0.000588038 -0.874983 0
-4.84818e-05 -0.862999 0
0.000239808 0.42739 1
-0.000315898 1.0685 1
0.000460907 -1.04804 0
-0.000107839 -0.786971 0
0.000320325 0.407086 1
-0.00134956 -0.14182 1
0.000319119 0.60127 1
0.00037577 -0.177148 1
0.00103347 -0.822252 0
-0.00141302 0.62881 1
3.14903e-05 0.953641 1
-0.00141064 -0.119105 1
-0.000350633 0.980796 1
0.00153659 -0.274568 0
-0.00143047 0.295506 1
0.00151059 -0.0575894 0
-0.000471445 -0.419315 0
-0.00156775 0.134736 1
0.000357651 0.423929 1
0.000134788 -0.841212 0
0.000145578 -1.04391 0
-0.000935427 0.962217 1
-0.000502646 -0.521089 0
-0.000204228 0.83164 1
-0.00156663 0.507656 1
0.00047884 -1.07781 0
-0.00145543 -0.238881 1
-0.000419197 1.05279 1
0.000143774 0.728855 1
0.00158749 -0.0682327 0
0.000156356 0.689132 1
-0.00045352 -0.0282985 0
0.00136872 -0.546867 0
-0.00129427 0.569743 1
0.000494065 -0.878583 0
0.00105364 -0.803483 0
-0.000525468 -0.203958 0
-0.000559975 1.14282 1
0.000493179 -1.13211 0
-0.000603121 0.230647 0
-0.00135352 0.382655 1
-0.00108095 0.95182 1
0.00141051 -0.401766 0
-0.000607943 -0.0331151 0
-0.0013729 0.134363 1
-0.000630305 1.04149 1
-0.000249516 -0.829855 0
-0.000583549 -0.298999 0
-0.000507666 1.13467 1
-0.000411425 0.115505 0
-0.000554062 0.957705 1
-0.000142726 -0.661234 0
0.00125179 -0.808908 0
-0.00152392 -0.519564 1
0.00154822 -0.16402 0
-0.00020189 0.885052 1
0.00100124 -0.935438 0
-0.000543276 1.02436 1
-3.73496e-05 0.824636 1
-0.0010142 0.993448 1
0.00123908 -0.593106 0
-0.0013858 0.0705587 1
-0.00100536 0.909711 1
0.000374622 0.215977 1
-0.000886044 0.984867 1
0.000877652 -0.984999 0
-0.000574573 0.96495 1
0.0013968 -0.644935 0
0.000533043 0.105745 1
0.000429292 -0.139932 1
-0.000258737 0.959675 1
0.000703918 -0.956176 0
-0.000298349 -0.588145 0
0.00106388 -0.794034 0
-0.00100907 0.743896 1
0.000987415 -0.741531 0
-0.00164768 -0.0740215 1
-0.000266073 0.934986 1
0.000248486 -1.09092 0
0.000291884 -1.04225 0
-0.000364269 -0.429684 0
-0.000207943 -0.709597 0
0.000522254 0.0201187 1
0.000255788 -0.913482 0
0.00114187 -0.948488 0
-0.000474462 -0.477629 0
-0.000290041 1.06798 1
-0.0011193 0.906932 1
-0.000283114 -0.551746 0
0.00142247 -0.172345 0
-0.00144413 -0.161934 1
0.000718892 -0.971456 0
0.000736335 -1.0805 0
0.000368352 0.00944665 1
8.1941e-05 0.90272 1
0.00163351 0.0362666 0
-0.00131852 0.725019 1
0.00148383 -0.183975 0
0.00131793 -0.629468 0
-0.000903035 0.806729 1
-0.000364153 -0.475455 0
-0.00133207 0.654376 1
0.000131241 -1.02519 0
0.000193775 0.716444 1
-0.00153149 0.128739 1
-0.00135963 0.314804 1
-0.00127402 0.365477 1
0.000361434 -0.890458 0
-0.00134191 0.153075 1
0.00073526 -1.03089 0
-0.00123096 0.646778 1
-0.000756386 0.874578 1
-0.00114686 0.670746 1
0.000349067 0.291084 1
0.00155225 0.140849 0
0.00164328 -0.232162 0
0.00107478 -0.895574 0
-0.00150754 0.377217 1
0.000892565 -0.885734 0
-0.000288601 -0.669818 0
0.00115971 -0.689606 0
0.00139506 -0.36345 0
-0.000561071 0.429076 0
-0.00156382 0.23055 1
-0.000430134 0.222631 0
-0.0005513 0.886086 1
0.000390085 0.0444453 1
-0.000244045 -0.596456 0
-0.000656573 0.877313 1
-0.00137084 0.114618 1
-0.00071032 0.942728 1
-0.00160772 -0.305411 1
0.000502423 0.28015 1
-0.0014239 -0.0508687 1
-0.00135764 0.300045 1
0.00140472 -0.531152 0
0.000350403 0.264596 1
0.00016928 0.684717 1
-0.000354538 0.307137 0
-7.86677e-05 -0.960542 0
-0.00114742 0.922032 1
-0.00142833 -0.278206 1
-0.000265672 -0.683123 0
0.00132892 -0.412282 0
0.000492147 -0.218448 1
0.000531413 0.467517 1
-0.00161766 0.0260377 1
0.000645805 -0.941474 0
0.000404816 0.252082 1
0.000213624 0.513316 1
-0.00159094 -0.11096 1
-0.000447793 1.13377 1
8.30492e-05 0.639174 1
-0.000442887 1.03909 1
0.000580349 0.0464581 1
-0.000401611 -0.0845114 0
-0.00147024 0.432083 1
0.00090306 -0.84967 0
0.00132984 -0.391406 0
-2.67929e-05 -0.834512 0
-0.000838658 0.793064 1
-0.00069775 1.09828 1
0.00116116 -0.733751 0
-0.00128848 0.443773 1
-0.0013842 0.526523 1
-7.66005e-05 -0.707686 0
